activities 9, 15, 16, 20, 22, 23, 40, 41, 43, 44, 45, 46, 47, 48, 49, 50, 53, 54, 55, 56, 57, 59, 60, 61, 66, 68, 69, 70, 74, 75, 86, 101, 111, 112, 113, 114, 117, 119, 120, 132, 134, 135, 141, 143, 144, 155, 164, 171, 196, 197, 198, 212, 215, 216, 222, 231, 257, 259, 273, 277, 278, 280, 281, 296, 297, 298, 299, 303, 304, 345, 352, 353, 354, 375, 381, 410, 411, 425, 427, 433, 440, 450, 455, 464, 473, 477, 534, 542, 543, 544, 546, 552, 563, 564, 565, 570, 576, 577, 594, 595, 597, 601, 606, 614, 615, 639, 641, 643, 647, 657, 658, 663, 668, 673, 674, 676, 677, 678, 683, 696, 698, 701, 710, 711, 712, 720, 725, 730, 731, 732, 746, 766, 767, 772, 775, 
activity 5, 19, 32, 33, 34, 44, 45, 53, 55, 58, 60, 67, 70, 74, 79, 80, 111, 113, 114, 141, 142, 143, 154, 155, 157, 163, 164, 197, 251, 272, 273, 291, 296, 300, 359, 378, 381, 395, 402, 411, 412, 416, 430, 439, 453, 454, 477, 478, 534, 542, 544, 552, 553, 554, 564, 565, 570, 571, 577, 594, 595, 599, 614, 615, 626, 668, 673, 676, 677, 678, 679, 696, 707, 736, 757, 759, 768, 770, 775, 
agile 3, 4, 8, 9, 14, 15, 16, 45, 49, 50, 51, 55, 56, 57, 59, 62, 66, 68, 71, 72, 73, 74, 75, 76, 77, 78, 79, 80, 82, 84, 85, 86, 87, 88, 89, 90, 91, 92, 93, 94, 95, 96, 97, 98, 99, 100, 104, 105, 111, 119, 126, 131, 140, 162, 165, 166, 168, 175, 194, 197, 204, 222, 242, 249, 251, 260, 261, 266, 273, 278, 280, 299, 302, 305, 353, 392, 396, 407, 426, 433, 514, 517, 563, 568, 579, 591, 598, 599, 639, 643, 647, 659, 661, 665, 667, 670, 672, 675, 680, 681, 682, 696, 697, 699, 700, 703, 714, 715, 716, 720, 727, 728, 732, 733, 734, 742, 748, 750, 754, 757, 762, 763, 767, 771, 
alpha 249, 251, 
analysis 13, 25, 29, 30, 36, 46, 47, 49, 50, 53, 54, 55, 61, 64, 67, 69, 73, 75, 92, 93, 101, 107, 111, 113, 114, 118, 126, 129, 130, 133, 137, 142, 154, 169, 191, 202, 203, 222, 230, 258, 259, 260, 261, 275, 276, 280, 281, 295, 296, 298, 299, 300, 301, 305, 308, 317, 325, 338, 339, 342, 345, 346, 347, 349, 352, 353, 354, 356, 358, 359, 360, 361, 362, 364, 365, 368, 371, 372, 381, 383, 385, 386, 390, 392, 403, 404, 407, 425, 427, 430, 432, 433, 434, 436, 460, 547, 563, 565, 572, 598, 600, 604, 610, 615, 617, 621, 623, 624, 625, 626, 627, 628, 629, 630, 635, 645, 646, 648, 672, 673, 693, 719, 722, 725, 726, 727, 746, 747, 748, 763, 771, 772, 
architectural 5, 8, 10, 13, 16, 38, 44, 45, 56, 57, 70, 95, 121, 128, 142, 149, 167, 168, 169, 170, 171, 172, 173, 174, 175, 176, 177, 178, 179, 180, 181, 182, 183, 184, 185, 186, 188, 190, 191, 192, 193, 194, 197, 201, 202, 205, 213, 273, 277, 278, 283, 306, 318, 320, 336, 337, 373, 388, 389, 392, 395, 435, 436, 441, 442, 448, 461, 463, 477, 478, 490, 499, 501, 502, 503, 506, 511, 517, 524, 529, 530, 550, 565, 570, 571, 572, 580, 594, 595, 599, 600, 601, 602, 606, 607, 608, 610, 615, 620, 621, 636, 661, 689, 692, 758, 760, 773, 
architecture 10, 13, 16, 23, 33, 39, 44, 46, 47, 51, 56, 64, 81, 85, 86, 96, 107, 114, 120, 121, 122, 128, 149, 159, 161, 162, 163, 165, 167, 168, 169, 170, 171, 172, 173, 174, 175, 176, 177, 178, 179, 180, 181, 182, 183, 184, 185, 186, 187, 188, 189, 190, 191, 192, 193, 194, 195, 198, 201, 202, 218, 222, 224, 225, 229, 257, 276, 318, 319, 320, 321, 337, 390, 391, 392, 393, 394, 395, 405, 406, 425, 426, 428, 429, 430, 431, 437, 438, 442, 443, 444, 446, 447, 448, 449, 455, 459, 462, 477, 478, 489, 490, 492, 493, 499, 501, 502, 503, 504, 505, 506, 507, 508, 509, 510, 511, 512, 514, 515, 518, 519, 520, 524, 525, 526, 527, 529, 530, 548, 549, 550, 555, 565, 570, 571, 572, 580, 594, 595, 599, 600, 601, 602, 603, 605, 609, 614, 615, 617, 620, 621, 622, 624, 626, 636, 637, 687, 688, 689, 692, 693, 758, 760, 761, 765, 768, 769, 771, 
automatic 160, 164, 183, 230, 308, 330, 331, 342, 359, 401, 
batch 25, 26, 182, 183, 184, 185, 191, 
beta 58, 60, 249, 250, 724, 725, 732, 747, 
business 19, 21, 22, 24, 25, 27, 41, 45, 46, 50, 51, 67, 68, 73, 75, 78, 80, 84, 85, 90, 91, 100, 103, 111, 112, 113, 116, 117, 126, 128, 131, 135, 141, 143, 154, 161, 177, 178, 183, 184, 185, 186, 192, 220, 221, 249, 256, 257, 260, 261, 262, 263, 264, 265, 266, 267, 268, 269, 271, 275, 276, 280, 281, 282, 286, 287, 292, 293, 303, 307, 314, 380, 412, 418, 422, 425, 426, 427, 428, 431, 432, 435, 436, 438, 442, 450, 451, 453, 454, 455, 456, 457, 475, 476, 508, 510, 512, 514, 515, 516, 520, 524, 533, 534, 535, 541, 542, 544, 545, 546, 548, 550, 556, 557, 562, 566, 567, 569, 570, 571, 575, 576, 577, 600, 601, 645, 646, 647, 650, 651, 658, 666, 670, 671, 674, 675, 709, 711, 725, 748, 749, 754, 759, 762, 763, 765, 768, 769, 775, 
checks 35, 55, 79, 96, 129, 147, 164, 190, 233, 240, 244, 247, 248, 290, 293, 298, 317, 326, 327, 330, 336, 352, 353, 354, 359, 360, 365, 366, 368, 378, 379, 388, 397, 399, 401, 403, 416, 419, 428, 430, 477, 500, 623, 627, 701, 711, 713, 727, 733, 737, 749, 
cohesion 99, 657, 658, 689, 693, 722, 
component 6, 8, 12, 52, 53, 54, 56, 57, 58, 59, 60, 68, 70, 96, 144, 149, 168, 170, 172, 176, 179, 180, 183, 184, 186, 187, 190, 191, 212, 213, 214, 215, 218, 220, 221, 222, 226, 232, 234, 235, 237, 238, 239, 240, 242, 252, 275, 287, 289, 295, 296, 301, 317, 318, 322, 323, 328, 330, 331, 340, 354, 355, 356, 413, 419, 435, 438, 439, 440, 441, 442, 446, 447, 452, 457, 459, 461, 462, 464, 465, 466, 467, 468, 469, 470, 471, 472, 473, 474, 475, 476, 477, 478, 479, 480, 481, 482, 483, 484, 486, 487, 488, 489, 493, 495, 496, 497, 499, 501, 506, 507, 508, 509, 516, 517, 518, 521, 522, 524, 533, 537, 541, 543, 547, 556, 559, 560, 567, 577, 584, 591, 597, 620, 635, 644, 685, 690, 691, 692, 711, 717, 718, 721, 722, 723, 731, 733, 734, 735, 736, 737, 739, 740, 744, 745, 750, 752, 760, 763, 764, 765, 766, 774, 
computer 3, 18, 19, 20, 23, 24, 25, 27, 29, 38, 40, 42, 71, 79, 83, 98, 100, 110, 112, 120, 130, 135, 136, 137, 172, 180, 181, 193, 195, 213, 216, 217, 218, 219, 223, 224, 281, 282, 286, 288, 291, 296, 300, 303, 304, 305, 312, 314, 321, 336, 338, 341, 343, 353, 359, 371, 372, 375, 376, 377, 382, 385, 386, 390, 391, 394, 400, 403, 404, 405, 407, 412, 413, 414, 430, 431, 462, 470, 489, 491, 496, 497, 498, 499, 500, 503, 504, 505, 512, 517, 518, 521, 522, 535, 545, 552, 556, 560, 566, 569, 576, 577, 579, 608, 613, 633, 636, 637, 655, 666, 717, 725, 728, 729, 732, 737, 738, 742, 750, 753, 755, 759, 761, 764, 773, 
configuration 4, 5, 8, 14, 16, 19, 39, 44, 46, 52, 53, 68, 70, 74, 94, 96, 142, 175, 179, 194, 198, 201, 207, 210, 213, 214, 215, 216, 217, 222, 224, 259, 270, 273, 299, 353, 354, 362, 377, 400, 447, 451, 452, 453, 454, 455, 456, 457, 461, 462, 475, 514, 515, 567, 568, 569, 574, 598, 604, 605, 632, 640, 673, 678, 684, 685, 701, 709, 710, 730, 731, 732, 733, 734, 735, 736, 738, 740, 741, 742, 744, 746, 748, 750, 751, 752, 753, 754, 755, 759, 761, 
cost 3, 14, 19, 24, 50, 51, 53, 62, 88, 99, 103, 110, 111, 129, 132, 133, 142, 161, 164, 170, 214, 224, 258, 259, 266, 272, 273, 274, 276, 278, 286, 291, 294, 302, 303, 308, 309, 315, 334, 345, 347, 348, 355, 357, 360, 361, 369, 380, 381, 386, 391, 398, 404, 421, 438, 439, 451, 460, 475, 476, 494, 495, 496, 504, 540, 543, 547, 562, 573, 574, 576, 585, 596, 598, 608, 639, 642, 644, 651, 667, 668, 669, 670, 671, 672, 683, 684, 685, 686, 687, 688, 689, 691, 692, 693, 694, 695, 696, 697, 698, 699, 707, 713, 729, 746, 748, 753, 758, 760, 761, 769, 770, 
cybersecurity 5, 12, 284, 376, 408, 412, 413, 414, 415, 432, 
deadlines 65, 221, 502, 615, 619, 627, 629, 630, 631, 632, 633, 635, 663, 
debugging 53, 58, 217, 232, 244, 308, 334, 400, 446, 726, 
decentralized 510, 511, 517, 
delivery 20, 24, 26, 27, 33, 46, 51, 53, 56, 62, 63, 64, 65, 66, 69, 73, 76, 87, 88, 90, 91, 93, 95, 98, 106, 131, 155, 168, 188, 224, 253, 257, 259, 270, 273, 294, 309, 347, 348, 349, 350, 351, 352, 354, 355, 365, 366, 392, 410, 411, 435, 438, 449, 455, 458, 477, 514, 516, 536, 537, 538, 539, 569, 573, 617, 618, 619, 627, 645, 652, 662, 671, 673, 674, 678, 681, 682, 683, 692, 695, 696, 709, 744, 757, 768, 
design 5, 7, 8, 10, 12, 13, 16, 19, 20, 22, 23, 29, 30, 36, 40, 41, 43, 44, 45, 46, 47, 48, 49, 51, 53, 54, 56, 57, 60, 61, 62, 63, 64, 65, 69, 70, 73, 74, 75, 76, 78, 80, 86, 90, 92, 93, 95, 96, 100, 117, 120, 121, 126, 127, 128, 129, 130, 132, 133, 134, 135, 137, 138, 139, 141, 142, 143, 145, 149, 150, 151, 152, 154, 159, 160, 161, 163, 164, 167, 168, 169, 170, 171, 172, 173, 174, 175, 176, 177, 178, 179, 180, 182, 184, 185, 186, 188, 190, 191, 192, 193, 194, 195, 196, 197, 198, 199, 200, 201, 202, 203, 204, 205, 206, 207, 208, 209, 210, 211, 212, 213, 214, 215, 216, 218, 220, 222, 223, 224, 225, 226, 229, 230, 232, 234, 235, 237, 239, 240, 241, 245, 248, 249, 252, 253, 254, 256, 257, 260, 270, 271, 272, 273, 274, 279, 282, 284, 287, 290, 294, 295, 296, 298, 300, 308, 314, 318, 320, 322, 323, 324, 333, 337, 338, 340, 341, 342, 344, 352, 354, 355, 356, 358, 362, 365, 373, 374, 376, 377, 378, 381, 382, 388, 389, 390, 391, 392, 393, 395, 396, 397, 399, 400, 401, 403, 405, 408, 409, 412, 416, 419, 421, 422, 424, 425, 426, 427, 429, 430, 431, 432, 436, 439, 440, 441, 442, 444, 447, 451, 452, 457, 459, 460, 462, 463, 465, 466, 473, 477, 478, 481, 485, 486, 487, 488, 489, 491, 492, 495, 499, 507, 509, 514, 516, 517, 518, 519, 525, 532, 533, 536, 537, 538, 539, 540, 542, 543, 544, 546, 548, 549, 550, 551, 552, 553, 554, 555, 557, 559, 563, 564, 565, 566, 568, 569, 570, 571, 572, 574, 575, 576, 577, 578, 579, 583, 591, 592, 594, 595, 597, 599, 600, 601, 602, 606, 607, 608, 609, 610, 612, 613, 614, 615, 616, 617, 620, 621, 622, 623, 624, 627, 629, 631, 634, 635, 636, 637, 644, 648, 649, 651, 655, 656, 657, 658, 659, 660, 661, 662, 676, 683, 685, 687, 689, 691, 692, 693, 695, 701, 705, 707, 708, 709, 713, 717, 720, 721, 722, 723, 724, 729, 734, 759, 761, 762, 765, 766, 772, 774, 
distributed 4, 5, 6, 8, 12, 13, 20, 24, 27, 38, 57, 87, 88, 89, 93, 95, 99, 100, 169, 171, 172, 173, 174, 180, 181, 182, 188, 189, 194, 199, 202, 218, 224, 248, 330, 356, 375, 393, 394, 395, 398, 405, 413, 435, 442, 450, 465, 466, 471, 472, 490, 491, 492, 493, 494, 495, 496, 497, 498, 499, 500, 501, 502, 505, 506, 507, 508, 509, 511, 512, 514, 516, 517, 518, 519, 520, 521, 526, 545, 553, 581, 583, 589, 635, 640, 643, 663, 682, 712, 716, 730, 731, 732, 735, 737, 738, 750, 752, 753, 755, 760, 762, 764, 765, 767, 774, 
dynamic 27, 38, 46, 63, 113, 117, 139, 149, 154, 163, 177, 199, 205, 206, 222, 329, 444, 445, 529, 547, 584, 587, 591, 612, 632, 687, 714, 720, 721, 762, 768, 770, 771, 
elicitation 10, 55, 62, 74, 79, 80, 101, 111, 112, 113, 114, 115, 116, 117, 118, 119, 126, 129, 134, 145, 572, 763, 
engineering 1, 3, 4, 5, 6, 7, 8, 9, 10, 11, 12, 13, 15, 16, 17, 18, 19, 20, 21, 22, 23, 24, 26, 27, 28, 29, 30, 31, 32, 40, 41, 42, 43, 44, 45, 46, 47, 48, 49, 51, 52, 53, 54, 55, 61, 62, 66, 67, 68, 69, 70, 71, 74, 75, 79, 80, 81, 86, 89, 90, 91, 92, 93, 95, 96, 97, 98, 99, 101, 102, 103, 104, 106, 108, 110, 111, 112, 114, 115, 116, 117, 118, 120, 122, 123, 124, 126, 128, 129, 130, 132, 134, 135, 136, 137, 138, 139, 140, 141, 145, 149, 154, 158, 159, 160, 161, 162, 163, 164, 165, 166, 168, 169, 175, 184, 185, 191, 193, 195, 197, 200, 212, 213, 215, 216, 217, 218, 219, 223, 227, 231, 232, 237, 242, 245, 246, 253, 254, 255, 256, 265, 266, 271, 273, 274, 277, 278, 280, 281, 283, 284, 285, 287, 290, 291, 292, 294, 296, 297, 298, 299, 300, 301, 302, 303, 304, 305, 306, 307, 312, 315, 316, 325, 329, 332, 334, 336, 338, 339, 340, 341, 342, 344, 345, 346, 348, 350, 352, 353, 354, 355, 356, 357, 358, 359, 360, 362, 364, 366, 368, 370, 371, 372, 373, 374, 375, 376, 378, 380, 381, 382, 383, 384, 386, 388, 389, 390, 392, 394, 396, 397, 398, 400, 402, 404, 405, 406, 407, 408, 409, 410, 411, 412, 413, 414, 416, 417, 418, 421, 425, 426, 428, 432, 433, 434, 435, 436, 438, 440, 441, 442, 443, 450, 453, 461, 464, 465, 466, 467, 470, 473, 474, 479, 485, 486, 487, 488, 489, 490, 491, 492, 493, 494, 495, 510, 516, 517, 518, 520, 521, 522, 523, 524, 529, 533, 535, 536, 537, 539, 540, 541, 546, 548, 549, 550, 551, 552, 553, 554, 555, 556, 558, 560, 562, 563, 564, 565, 566, 568, 569, 570, 571, 572, 573, 574, 576, 577, 578, 579, 580, 581, 582, 583, 584, 585, 587, 590, 591, 592, 593, 594, 595, 597, 598, 599, 606, 607, 608, 609, 610, 611, 612, 619, 635, 636, 637, 639, 640, 642, 643, 647, 655, 656, 658, 659, 661, 662, 663, 664, 665, 669, 672, 678, 686, 692, 697, 699, 706, 707, 712, 714, 720, 725, 728, 729, 747, 748, 754, 755, 759, 760, 761, 766, 769, 771, 772, 
error 63, 82, 147, 229, 232, 237, 238, 286, 289, 297, 300, 307, 308, 309, 315, 318, 320, 321, 323, 326, 327, 328, 329, 330, 331, 350, 351, 359, 360, 402, 418, 419, 420, 421, 427, 433, 434, 439, 539, 549, 560, 573, 575, 596, 618, 628, 683, 706, 711, 714, 718, 721, 740, 741, 751, 
event 22, 36, 37, 38, 71, 110, 154, 156, 157, 158, 172, 184, 185, 214, 218, 233, 283, 294, 304, 307, 316, 318, 319, 320, 321, 323, 327, 329, 330, 343, 346, 352, 353, 354, 355, 363, 370, 379, 386, 410, 411, 415, 420, 426, 427, 429, 430, 432, 444, 445, 459, 498, 544, 613, 620, 621, 622, 628, 629, 632, 717, 752, 763, 
evolution 7, 8, 11, 13, 15, 16, 19, 20, 23, 27, 40, 43, 44, 45, 54, 60, 61, 69, 90, 127, 128, 131, 183, 221, 223, 253, 255, 256, 257, 258, 259, 260, 261, 262, 264, 266, 268, 270, 271, 272, 273, 274, 276, 278, 279, 280, 281, 282, 396, 454, 460, 461, 471, 488, 513, 551, 553, 574, 575, 576, 578, 582, 583, 586, 593, 594, 599, 746, 749, 765, 768, 
extreme 3, 73, 77, 78, 80, 81, 98, 99, 100, 102, 119, 136, 165, 239, 251, 329, 562, 665, 672, 680, 681, 699, 763, 767, 775, 
failure 6, 18, 22, 23, 31, 36, 38, 108, 109, 110, 172, 179, 181, 186, 218, 229, 239, 248, 264, 269, 275, 283, 284, 286, 287, 288, 289, 290, 293, 294, 295, 296, 303, 307, 308, 309, 310, 311, 312, 313, 314, 315, 316, 317, 318, 319, 320, 321, 322, 323, 324, 325, 327, 329, 330, 331, 332, 333, 335, 337, 340, 341, 342, 343, 345, 346, 347, 348, 349, 350, 351, 352, 354, 357, 368, 379, 380, 382, 397, 398, 400, 409, 410, 411, 412, 416, 417, 419, 420, 421, 422, 426, 427, 428, 429, 430, 431, 432, 433, 463, 479, 488, 491, 492, 495, 496, 517, 524, 542, 547, 559, 560, 561, 562, 569, 574, 603, 611, 612, 614, 620, 627, 628, 629, 642, 644, 652, 661, 674, 721, 725, 741, 749, 761, 763, 765, 767, 768, 769, 772, 773, 
fault 11, 58, 157, 172, 201, 259, 260, 271, 272, 283, 290, 295, 296, 306, 307, 308, 309, 312, 317, 318, 319, 320, 321, 322, 323, 327, 328, 332, 333, 335, 336, 337, 338, 340, 342, 349, 350, 351, 352, 355, 360, 368, 371, 372, 384, 410, 419, 479, 491, 495, 511, 539, 632, 670, 714, 763, 
feasibility 48, 54, 62, 63, 104, 112, 384, 386, 404, 563, 564, 565, 683, 
functional 10, 21, 59, 63, 101, 102, 105, 106, 107, 108, 109, 110, 111, 120, 121, 123, 126, 128, 134, 136, 154, 169, 171, 172, 173, 174, 182, 193, 227, 228, 245, 250, 254, 256, 278, 312, 314, 317, 318, 335, 344, 347, 369, 383, 385, 402, 441, 450, 475, 485, 486, 487, 501, 510, 521, 529, 535, 536, 537, 540, 541, 546, 547, 559, 560, 570, 693, 704, 719, 762, 769, 
growth 282, 334, 511, 769, 
guidelines 71, 104, 122, 160, 175, 234, 236, 237, 239, 242, 252, 315, 325, 326, 373, 396, 397, 401, 402, 403, 405, 419, 516, 547, 595, 597, 600, 726, 755, 760, 772, 
honesty 28, 653, 
human 32, 91, 125, 137, 143, 144, 145, 160, 193, 195, 200, 287, 291, 293, 295, 296, 297, 303, 307, 328, 340, 341, 342, 343, 347, 368, 376, 377, 409, 412, 414, 418, 419, 420, 421, 427, 432, 433, 434, 509, 525, 544, 551, 552, 553, 554, 556, 558, 572, 593, 612, 654, 725, 761, 771, 
incremental 45, 46, 48, 49, 50, 51, 54, 59, 61, 62, 64, 65, 68, 70, 74, 76, 77, 78, 81, 90, 91, 93, 94, 96, 98, 100, 168, 177, 242, 244, 261, 271, 290, 477, 514, 573, 605, 764, 
layered 172, 177, 178, 179, 187, 188, 192, 194, 201, 393, 406, 414, 420, 462, 490, 501, 503, 509, 557, 565, 
legacy 4, 11, 16, 24, 95, 161, 244, 255, 261, 262, 263, 264, 265, 266, 267, 269, 270, 276, 277, 278, 279, 280, 281, 282, 441, 442, 457, 458, 459, 476, 506, 540, 567, 576, 764, 765, 
maintenance 11, 16, 20, 23, 29, 30, 37, 48, 49, 60, 61, 70, 89, 90, 92, 100, 127, 162, 212, 255, 257, 260, 261, 265, 266, 267, 269, 270, 271, 272, 273, 274, 275, 276, 277, 278, 279, 280, 281, 282, 316, 375, 383, 430, 438, 440, 454, 460, 669, 673, 719, 748, 765, 774, 
management 1, 4, 5, 6, 8, 9, 14, 16, 20, 22, 26, 29, 30, 32, 35, 36, 37, 38, 39, 41, 44, 48, 51, 53, 54, 61, 63, 66, 67, 68, 72, 74, 78, 84, 85, 87, 93, 96, 97, 99, 101, 103, 104, 111, 126, 131, 132, 133, 134, 135, 142, 159, 166, 175, 176, 177, 178, 179, 180, 181, 185, 186, 187, 188, 189, 192, 194, 195, 198, 212, 213, 214, 215, 216, 217, 218, 219, 222, 223, 224, 225, 230, 245, 258, 259, 266, 270, 273, 278, 282, 292, 293, 298, 299, 307, 318, 327, 337, 341, 342, 353, 354, 360, 362, 375, 380, 381, 383, 385, 386, 393, 394, 398, 400, 405, 417, 419, 421, 422, 423, 432, 434, 438, 439, 445, 448, 449, 452, 454, 455, 465, 469, 471, 472, 473, 474, 475, 476, 483, 486, 492, 493, 494, 495, 499, 500, 502, 503, 504, 505, 506, 507, 510, 512, 513, 515, 516, 517, 542, 554, 559, 569, 570, 581, 582, 583, 585, 586, 587, 588, 589, 590, 591, 593, 594, 595, 599, 600, 601, 602, 606, 613, 614, 619, 622, 630, 631, 632, 633, 635, 639, 640, 641, 642, 643, 644, 645, 646, 647, 648, 649, 650, 651, 652, 653, 654, 656, 657, 658, 660, 661, 662, 664, 665, 666, 672, 673, 675, 678, 679, 682, 685, 696, 697, 700, 701, 702, 703, 704, 705, 706, 708, 709, 710, 711, 712, 714, 715, 716, 717, 727, 728, 730, 731, 732, 733, 734, 735, 736, 737, 738, 739, 740, 742, 743, 744, 745, 746, 747, 748, 749, 750, 751, 752, 753, 754, 755, 759, 760, 761, 763, 764, 765, 766, 768, 769, 770, 771, 773, 
model 6, 10, 15, 25, 33, 34, 38, 44, 45, 46, 47, 48, 49, 50, 52, 54, 56, 57, 60, 61, 63, 65, 67, 68, 70, 71, 95, 96, 111, 113, 114, 125, 126, 130, 136, 138, 139, 140, 142, 143, 144, 145, 146, 149, 150, 151, 153, 155, 157, 158, 159, 160, 161, 162, 163, 164, 165, 166, 168, 169, 170, 172, 173, 175, 176, 177, 178, 180, 181, 182, 183, 184, 187, 188, 189, 191, 192, 194, 195, 199, 200, 201, 202, 204, 205, 206, 207, 208, 210, 211, 216, 220, 221, 228, 229, 230, 233, 240, 257, 259, 270, 276, 277, 280, 282, 286, 294, 297, 298, 299, 300, 301, 303, 305, 307, 325, 334, 336, 352, 356, 357, 358, 359, 365, 368, 369, 370, 371, 388, 390, 392, 420, 421, 432, 433, 439, 441, 442, 444, 455, 456, 459, 462, 465, 467, 468, 469, 470, 471, 472, 473, 476, 478, 485, 487, 488, 490, 492, 499, 500, 501, 502, 503, 504, 505, 506, 507, 508, 509, 510, 511, 513, 515, 516, 518, 519, 521, 527, 535, 539, 542, 544, 546, 547, 550, 570, 572, 584, 589, 590, 591, 596, 600, 601, 602, 613, 614, 615, 617, 618, 619, 626, 630, 635, 654, 656, 660, 662, 666, 667, 686, 687, 688, 689, 690, 691, 692, 693, 695, 696, 699, 709, 714, 719, 734, 738, 746, 759, 760, 761, 762, 763, 765, 766, 767, 768, 769, 771, 772, 773, 774, 775, 
modelling 166, 
open 4, 10, 16, 20, 115, 116, 156, 157, 158, 161, 196, 198, 219, 220, 221, 222, 224, 225, 264, 289, 302, 342, 370, 381, 438, 441, 453, 462, 476, 478, 491, 493, 502, 507, 564, 567, 568, 597, 600, 601, 609, 617, 650, 663, 687, 725, 738, 739, 761, 764, 766, 772, 
pattern 63, 172, 175, 176, 177, 178, 179, 180, 181, 182, 183, 194, 195, 201, 202, 209, 210, 211, 212, 224, 225, 334, 335, 360, 438, 444, 448, 490, 528, 529, 602, 603, 604, 608, 620, 621, 622, 623, 624, 625, 626, 634, 636, 758, 762, 767, 
process 4, 5, 7, 9, 15, 16, 19, 20, 21, 22, 23, 24, 25, 26, 32, 40, 41, 43, 44, 45, 46, 47, 48, 49, 50, 51, 52, 53, 54, 55, 56, 57, 58, 59, 60, 61, 62, 63, 64, 65, 66, 67, 68, 69, 70, 71, 73, 74, 75, 76, 77, 78, 79, 81, 82, 83, 84, 85, 86, 87, 90, 91, 92, 94, 95, 96, 97, 98, 102, 104, 105, 108, 109, 111, 112, 113, 114, 116, 117, 118, 119, 120, 125, 126, 127, 128, 129, 130, 131, 132, 133, 134, 135, 136, 137, 139, 140, 141, 142, 143, 149, 154, 155, 158, 159, 160, 163, 164, 165, 167, 168, 169, 170, 171, 172, 174, 175, 182, 183, 185, 186, 187, 190, 192, 193, 196, 197, 198, 199, 202, 204, 205, 208, 212, 213, 214, 215, 217, 218, 219, 222, 227, 228, 229, 230, 231, 232, 234, 235, 237, 239, 240, 243, 244, 245, 246, 248, 249, 250, 251, 252, 253, 254, 256, 257, 258, 259, 260, 261, 262, 266, 269, 270, 272, 273, 275, 277, 278, 279, 280, 281, 287, 290, 291, 292, 294, 296, 297, 298, 299, 300, 301, 303, 308, 314, 317, 319, 320, 323, 326, 331, 332, 333, 334, 338, 341, 344, 345, 346, 347, 349, 352, 353, 354, 356, 357, 358, 359, 361, 362, 364, 368, 374, 381, 382, 383, 384, 385, 386, 388, 389, 390, 392, 396, 403, 404, 414, 415, 421, 422, 423, 424, 425, 430, 432, 433, 435, 436, 438, 439, 440, 443, 446, 447, 450, 451, 452, 454, 455, 456, 464, 465, 468, 473, 474, 475, 477, 478, 480, 482, 487, 489, 496, 499, 500, 501, 502, 511, 514, 515, 520, 521, 525, 526, 532, 533, 534, 535, 536, 537, 540, 541, 542, 543, 544, 545, 546, 547, 548, 549, 550, 551, 555, 557, 558, 563, 564, 565, 566, 567, 568, 569, 570, 571, 572, 573, 574, 575, 577, 578, 579, 580, 585, 589, 590, 593, 594, 595, 596, 597, 598, 599, 600, 602, 606, 610, 613, 614, 615, 616, 617, 620, 621, 622, 623, 624, 625, 626, 627, 628, 629, 630, 631, 632, 633, 634, 635, 636, 637, 639, 640, 642, 643, 645, 646, 647, 648, 649, 650, 651, 661, 667, 668, 670, 672, 673, 674, 675, 676, 681, 682, 683, 684, 685, 689, 690, 692, 693, 697, 699, 700, 701, 702, 703, 704, 705, 706, 707, 708, 709, 710, 711, 712, 713, 716, 717, 718, 719, 720, 722, 723, 724, 725, 727, 728, 729, 730, 731, 734, 735, 740, 741, 742, 744, 746, 747, 748, 749, 750, 751, 753, 755, 757, 759, 760, 761, 765, 766, 767, 768, 769, 770, 771, 772, 774, 775, 
programming 5, 11, 19, 23, 24, 27, 32, 39, 53, 56, 58, 72, 73, 74, 75, 77, 78, 80, 81, 83, 84, 86, 88, 92, 98, 99, 100, 109, 119, 121, 123, 151, 159, 165, 181, 186, 189, 190, 191, 197, 198, 212, 213, 217, 224, 229, 230, 232, 251, 254, 263, 265, 270, 273, 276, 277, 298, 304, 306, 307, 308, 317, 322, 323, 324, 325, 326, 328, 329, 330, 333, 336, 337, 338, 341, 356, 359, 401, 402, 403, 405, 407, 438, 444, 448, 465, 467, 468, 487, 488, 489, 493, 498, 519, 524, 525, 540, 543, 544, 555, 583, 591, 595, 598, 614, 619, 635, 637, 639, 645, 658, 661, 665, 680, 681, 685, 686, 687, 688, 689, 699, 704, 706, 707, 711, 713, 715, 757, 759, 763, 764, 765, 766, 767, 768, 770, 772, 775, 
project 1, 6, 8, 9, 14, 20, 22, 23, 30, 44, 48, 52, 66, 67, 72, 75, 84, 85, 87, 89, 93, 94, 95, 96, 97, 98, 99, 100, 102, 104, 119, 120, 164, 170, 193, 197, 214, 215, 219, 221, 222, 224, 245, 264, 281, 304, 354, 371, 439, 451, 459, 476, 510, 566, 569, 576, 577, 581, 583, 593, 597, 598, 639, 641, 642, 643, 644, 645, 646, 647, 648, 649, 650, 651, 652, 653, 654, 655, 656, 657, 658, 659, 660, 661, 662, 663, 664, 665, 666, 667, 668, 669, 670, 671, 672, 673, 674, 675, 676, 677, 678, 679, 680, 682, 683, 684, 685, 686, 687, 688, 689, 690, 692, 693, 694, 695, 696, 697, 698, 699, 701, 702, 703, 706, 707, 708, 709, 710, 711, 712, 714, 715, 720, 723, 727, 728, 732, 734, 736, 737, 738, 739, 747, 750, 757, 758, 764, 767, 771, 
protection 36, 172, 290, 294, 295, 308, 312, 313, 319, 320, 323, 336, 342, 343, 344, 345, 346, 351, 369, 376, 377, 380, 383, 384, 388, 390, 393, 394, 395, 406, 412, 413, 414, 552, 636, 637, 
quality 6, 8, 14, 21, 22, 23, 25, 40, 43, 63, 66, 69, 73, 75, 78, 84, 90, 97, 99, 180, 219, 228, 230, 245, 251, 254, 266, 267, 269, 273, 278, 280, 281, 294, 299, 307, 354, 355, 362, 418, 421, 427, 438, 476, 477, 492, 493, 494, 495, 513, 515, 517, 529, 532, 542, 543, 562, 563, 636, 640, 642, 644, 654, 655, 657, 666, 673, 676, 686, 700, 701, 702, 703, 704, 705, 706, 707, 708, 709, 710, 711, 712, 714, 715, 716, 717, 718, 719, 720, 721, 722, 723, 724, 725, 727, 728, 729, 732, 733, 734, 752, 760, 764, 767, 768, 771, 
range 5, 6, 7, 22, 24, 27, 38, 54, 69, 79, 80, 82, 91, 96, 97, 99, 103, 115, 117, 132, 141, 142, 169, 181, 193, 212, 217, 222, 261, 262, 295, 317, 318, 326, 340, 343, 359, 360, 361, 366, 375, 379, 398, 432, 438, 439, 443, 454, 455, 456, 460, 461, 466, 476, 522, 523, 524, 525, 526, 533, 554, 555, 556, 557, 560, 566, 572, 578, 581, 582, 587, 599, 602, 608, 611, 612, 639, 644, 656, 660, 683, 684, 686, 708, 716, 722, 726, 732, 763, 772, 
refactoring 53, 62, 72, 78, 80, 81, 83, 84, 86, 97, 98, 100, 168, 217, 243, 273, 276, 277, 278, 279, 280, 281, 282, 657, 712, 714, 715, 726, 750, 769, 
remote 24, 25, 27, 36, 52, 136, 181, 198, 200, 204, 208, 209, 240, 292, 462, 466, 470, 491, 493, 497, 498, 499, 503, 504, 505, 507, 513, 518, 521, 527, 586, 621, 654, 664, 712, 775, 
requirements 6, 7, 8, 10, 11, 12, 15, 16, 21, 23, 26, 28, 32, 34, 36, 40, 41, 43, 44, 45, 46, 47, 48, 49, 50, 52, 53, 54, 55, 56, 58, 59, 60, 61, 62, 63, 64, 65, 66, 67, 69, 70, 73, 74, 75, 76, 77, 78, 79, 80, 81, 82, 85, 86, 87, 88, 89, 90, 92, 93, 94, 95, 96, 97, 98, 99, 100, 101, 102, 103, 104, 105, 106, 107, 108, 109, 110, 111, 112, 113, 114, 115, 116, 117, 118, 119, 120, 121, 122, 123, 124, 125, 126, 127, 128, 129, 130, 131, 132, 133, 134, 135, 136, 137, 138, 139, 141, 143, 144, 145, 149, 150, 154, 159, 161, 164, 168, 169, 171, 172, 173, 174, 176, 193, 194, 197, 203, 204, 205, 212, 214, 215, 217, 218, 219, 224, 227, 228, 229, 231, 244, 245, 246, 247, 248, 249, 250, 251, 254, 256, 257, 258, 260, 261, 269, 270, 271, 272, 274, 275, 280, 284, 289, 290, 294, 298, 299, 300, 301, 302, 303, 306, 312, 314, 315, 316, 317, 318, 324, 325, 333, 335, 339, 340, 341, 344, 345, 346, 347, 349, 351, 352, 353, 354, 355, 357, 358, 362, 365, 368, 369, 371, 372, 373, 376, 377, 379, 381, 382, 383, 384, 385, 386, 387, 388, 389, 390, 392, 393, 395, 396, 402, 404, 405, 406, 407, 415, 425, 426, 428, 431, 432, 438, 440, 441, 443, 446, 447, 450, 451, 453, 454, 456, 457, 459, 461, 465, 466, 471, 475, 477, 478, 479, 485, 486, 487, 495, 497, 501, 506, 514, 518, 526, 533, 535, 536, 537, 542, 543, 544, 546, 551, 553, 554, 557, 558, 563, 565, 566, 567, 568, 569, 570, 571, 572, 573, 575, 576, 577, 578, 579, 589, 593, 594, 598, 601, 604, 611, 612, 615, 617, 622, 623, 624, 627, 629, 630, 632, 633, 636, 645, 646, 647, 648, 649, 650, 651, 652, 659, 668, 669, 670, 671, 673, 674, 675, 676, 678, 680, 682, 683, 684, 685, 687, 689, 692, 693, 694, 698, 699, 701, 702, 703, 704, 706, 707, 708, 715, 717, 719, 731, 745, 747, 750, 752, 762, 763, 766, 769, 770, 772, 
research 117, 135, 142, 160, 165, 195, 254, 336, 456, 487, 541, 545, 547, 566, 583, 607, 609, 656, 699, 719, 720, 728, 729, 757, 771, 
reuse 5, 6, 8, 12, 16, 26, 27, 28, 32, 40, 41, 52, 53, 54, 152, 161, 162, 169, 171, 183, 184, 185, 192, 196, 197, 198, 209, 212, 213, 214, 215, 221, 222, 246, 289, 435, 436, 437, 438, 439, 440, 441, 442, 443, 444, 446, 447, 448, 450, 452, 453, 454, 455, 456, 457, 458, 459, 460, 461, 462, 463, 464, 465, 466, 467, 473, 474, 475, 476, 477, 478, 479, 481, 487, 488, 489, 514, 533, 535, 540, 541, 542, 543, 546, 549, 581, 595, 671, 678, 684, 685, 687, 688, 689, 690, 691, 692, 694, 706, 722, 
safety 4, 5, 8, 11, 20, 22, 26, 29, 30, 31, 32, 34, 36, 45, 46, 49, 57, 65, 73, 80, 92, 108, 109, 111, 127, 136, 157, 158, 172, 228, 254, 283, 284, 285, 286, 287, 288, 289, 290, 294, 295, 296, 299, 300, 302, 303, 304, 305, 312, 314, 317, 318, 323, 325, 329, 336, 337, 338, 339, 340, 341, 342, 343, 344, 345, 346, 347, 348, 349, 350, 351, 352, 353, 354, 355, 356, 357, 358, 359, 360, 361, 362, 363, 364, 365, 366, 367, 368, 369, 370, 371, 372, 379, 380, 382, 383, 385, 397, 402, 406, 409, 417, 418, 419, 433, 441, 560, 561, 577, 612, 620, 643, 650, 654, 672, 698, 704, 707, 762, 770, 
scenario 79, 119, 120, 125, 126, 203, 241, 246, 247, 252, 253, 254, 458, 522, 542, 544, 670, 684, 724, 753, 763, 770, 
secure 4, 12, 22, 26, 35, 132, 143, 144, 283, 284, 293, 294, 295, 303, 304, 305, 373, 374, 376, 379, 380, 385, 386, 387, 388, 389, 391, 392, 393, 395, 396, 397, 399, 400, 401, 402, 405, 406, 407, 412, 465, 518, 561, 586, 653, 770, 
security 4, 5, 8, 11, 12, 22, 24, 31, 32, 40, 41, 49, 65, 105, 108, 111, 127, 145, 147, 159, 160, 161, 172, 173, 178, 188, 192, 193, 260, 263, 283, 284, 285, 286, 288, 289, 290, 293, 294, 299, 303, 318, 325, 330, 344, 357, 361, 363, 373, 374, 375, 376, 377, 378, 379, 380, 381, 382, 383, 384, 385, 386, 387, 388, 389, 390, 391, 392, 393, 394, 395, 396, 397, 398, 399, 400, 401, 402, 403, 404, 405, 406, 407, 408, 409, 410, 412, 413, 414, 415, 416, 417, 418, 423, 427, 429, 430, 433, 441, 445, 465, 471, 472, 473, 492, 494, 495, 499, 501, 512, 517, 519, 525, 526, 528, 535, 558, 559, 560, 561, 569, 576, 577, 583, 650, 672, 704, 707, 732, 762, 771, 
social 24, 28, 31, 41, 96, 116, 117, 142, 143, 144, 291, 292, 293, 309, 376, 377, 398, 409, 412, 551, 552, 553, 559, 579, 593, 600, 653, 654, 657, 658, 663, 666, 
software 1, 3, 4, 5, 6, 7, 8, 9, 10, 11, 12, 13, 14, 15, 16, 17, 18, 19, 20, 21, 22, 23, 24, 25, 26, 27, 28, 29, 30, 31, 32, 33, 34, 37, 38, 40, 41, 42, 43, 44, 45, 46, 47, 48, 49, 50, 51, 52, 53, 54, 56, 57, 58, 59, 60, 61, 62, 64, 65, 66, 67, 68, 69, 70, 71, 72, 73, 74, 75, 76, 77, 78, 79, 80, 81, 82, 83, 84, 85, 86, 87, 88, 89, 90, 91, 92, 93, 94, 95, 96, 97, 98, 99, 100, 101, 102, 103, 104, 105, 106, 107, 108, 109, 110, 111, 112, 114, 116, 117, 120, 121, 122, 123, 124, 126, 128, 129, 130, 131, 132, 134, 135, 136, 137, 138, 140, 141, 143, 144, 149, 150, 154, 155, 156, 158, 159, 160, 161, 162, 163, 164, 165, 166, 167, 168, 169, 170, 171, 172, 173, 174, 175, 177, 178, 179, 180, 181, 184, 185, 186, 187, 190, 191, 192, 193, 194, 195, 196, 197, 198, 199, 200, 201, 209, 210, 212, 213, 214, 215, 216, 217, 218, 219, 220, 221, 222, 223, 224, 225, 226, 227, 228, 229, 230, 231, 232, 236, 237, 240, 241, 242, 244, 245, 248, 249, 250, 251, 252, 253, 254, 255, 256, 257, 258, 259, 260, 261, 262, 263, 264, 265, 266, 267, 268, 269, 270, 271, 272, 273, 274, 275, 276, 277, 278, 279, 280, 281, 282, 283, 284, 285, 286, 287, 289, 290, 291, 292, 293, 294, 295, 296, 297, 298, 299, 300, 301, 302, 303, 304, 305, 306, 307, 308, 309, 310, 311, 312, 315, 316, 317, 318, 319, 320, 322, 323, 324, 325, 327, 329, 332, 333, 334, 335, 336, 337, 338, 339, 340, 341, 342, 343, 344, 346, 348, 349, 351, 352, 353, 354, 355, 356, 357, 358, 359, 360, 361, 362, 363, 364, 365, 368, 369, 370, 371, 372, 373, 374, 375, 377, 379, 381, 385, 389, 390, 392, 396, 398, 399, 400, 401, 403, 404, 405, 406, 407, 410, 411, 412, 413, 414, 415, 416, 417, 419, 421, 422, 424, 426, 427, 429, 430, 432, 433, 434, 435, 436, 437, 438, 439, 440, 441, 442, 443, 444, 446, 447, 448, 449, 450, 451, 452, 453, 454, 456, 458, 459, 460, 461, 462, 463, 464, 465, 466, 467, 470, 471, 473, 474, 476, 477, 478, 479, 480, 485, 486, 487, 488, 489, 490, 491, 492, 493, 496, 498, 499, 500, 502, 503, 504, 506, 507, 512, 513, 514, 515, 516, 517, 518, 519, 520, 521, 522, 523, 524, 527, 529, 540, 541, 542, 546, 547, 548, 549, 550, 551, 552, 553, 554, 555, 556, 557, 560, 561, 563, 564, 565, 567, 569, 570, 571, 572, 573, 575, 576, 577, 578, 579, 580, 581, 582, 583, 584, 585, 586, 587, 588, 590, 591, 592, 593, 594, 595, 596, 598, 600, 602, 607, 608, 609, 610, 611, 612, 613, 614, 616, 617, 619, 620, 622, 623, 625, 626, 634, 635, 636, 637, 639, 640, 641, 642, 643, 644, 645, 646, 647, 648, 649, 650, 652, 653, 655, 656, 658, 659, 660, 661, 662, 663, 664, 665, 666, 667, 668, 669, 670, 671, 672, 673, 675, 676, 678, 680, 681, 682, 683, 684, 685, 686, 687, 688, 689, 690, 692, 693, 694, 695, 696, 697, 698, 699, 700, 701, 702, 703, 704, 705, 706, 707, 708, 709, 710, 711, 712, 713, 714, 715, 716, 717, 718, 719, 720, 721, 722, 723, 724, 725, 726, 727, 728, 729, 730, 731, 732, 733, 734, 735, 736, 740, 741, 742, 743, 744, 745, 746, 748, 749, 750, 751, 752, 753, 754, 755, 757, 758, 759, 760, 761, 762, 763, 764, 765, 766, 767, 768, 769, 770, 771, 772, 773, 774, 
source 4, 10, 16, 116, 122, 123, 124, 140, 161, 189, 196, 198, 217, 219, 220, 221, 222, 224, 225, 229, 230, 260, 265, 270, 277, 278, 289, 298, 300, 302, 352, 355, 356, 359, 362, 368, 379, 403, 410, 412, 426, 438, 440, 441, 451, 453, 460, 462, 465, 468, 473, 474, 476, 478, 479, 547, 567, 569, 574, 576, 584, 650, 671, 685, 686, 687, 689, 691, 692, 713, 725, 731, 735, 738, 739, 740, 741, 742, 744, 745, 750, 752, 758, 761, 764, 765, 766, 772, 774, 
stage 24, 37, 47, 48, 49, 50, 53, 54, 56, 57, 58, 59, 60, 63, 67, 74, 95, 104, 111, 114, 132, 133, 141, 147, 149, 150, 154, 164, 168, 169, 175, 197, 199, 202, 204, 205, 212, 240, 247, 249, 250, 251, 253, 258, 259, 265, 277, 300, 308, 352, 354, 381, 390, 412, 414, 421, 425, 440, 451, 452, 478, 536, 537, 540, 542, 543, 544, 551, 553, 554, 564, 565, 566, 569, 570, 571, 573, 574, 595, 597, 598, 599, 602, 628, 629, 644, 647, 652, 659, 668, 669, 677, 680, 681, 682, 685, 689, 692, 732, 733, 739, 747, 748, 774, 
stakeholder 54, 85, 91, 114, 115, 116, 131, 139, 169, 450, 451, 579, 703, 747, 
standards 14, 28, 29, 40, 52, 63, 97, 105, 109, 113, 128, 129, 137, 230, 294, 298, 299, 329, 344, 355, 361, 369, 438, 439, 440, 442, 446, 460, 465, 466, 467, 470, 473, 487, 493, 509, 510, 517, 520, 521, 522, 524, 525, 526, 529, 532, 544, 548, 549, 550, 563, 590, 605, 640, 644, 657, 673, 676, 700, 701, 702, 704, 705, 706, 707, 708, 709, 710, 711, 712, 713, 714, 716, 719, 727, 728, 729, 734, 760, 764, 766, 768, 773, 774, 
state 16, 85, 87, 88, 105, 119, 120, 121, 124, 125, 141, 156, 157, 158, 163, 164, 176, 198, 205, 207, 208, 210, 211, 222, 224, 232, 233, 300, 301, 307, 308, 318, 319, 320, 325, 328, 330, 336, 342, 348, 351, 358, 359, 360, 365, 367, 370, 381, 396, 400, 405, 410, 411, 417, 420, 422, 424, 426, 444, 467, 468, 485, 502, 513, 530, 531, 532, 535, 539, 550, 561, 617, 618, 619, 621, 623, 625, 630, 634, 635, 653, 658, 725, 726, 747, 764, 766, 770, 772, 
static 46, 149, 159, 163, 180, 205, 217, 222, 229, 230, 295, 296, 298, 300, 305, 308, 317, 352, 359, 360, 361, 362, 364, 368, 371, 372, 404, 407, 420, 584, 591, 617, 720, 721, 766, 771, 772, 
system 1, 3, 4, 6, 7, 8, 10, 11, 12, 13, 14, 15, 16, 17, 18, 19, 20, 21, 22, 23, 25, 26, 27, 30, 31, 32, 33, 34, 35, 36, 37, 38, 39, 40, 41, 44, 46, 47, 48, 49, 50, 51, 52, 53, 54, 55, 56, 57, 58, 59, 60, 61, 62, 63, 64, 65, 68, 69, 70, 71, 73, 74, 75, 76, 77, 78, 79, 80, 81, 82, 83, 86, 89, 90, 91, 92, 93, 94, 96, 97, 98, 99, 101, 102, 103, 104, 105, 106, 107, 108, 109, 110, 111, 112, 113, 114, 115, 116, 117, 118, 119, 120, 121, 122, 123, 124, 125, 126, 127, 128, 129, 130, 131, 132, 133, 134, 135, 136, 137, 138, 139, 140, 141, 142, 143, 144, 145, 146, 147, 148, 149, 150, 152, 153, 154, 155, 156, 157, 158, 159, 160, 161, 162, 163, 164, 166, 167, 168, 169, 170, 171, 172, 173, 174, 175, 176, 177, 178, 179, 180, 181, 182, 183, 184, 185, 186, 187, 188, 189, 190, 191, 192, 193, 194, 197, 198, 199, 200, 201, 202, 203, 204, 205, 206, 207, 208, 212, 213, 214, 215, 216, 217, 218, 219, 220, 221, 222, 223, 224, 225, 226, 227, 228, 229, 230, 231, 232, 233, 234, 235, 236, 237, 238, 240, 241, 242, 243, 244, 245, 246, 247, 248, 249, 250, 251, 252, 253, 256, 257, 258, 259, 260, 261, 262, 263, 264, 265, 266, 267, 268, 269, 270, 271, 272, 273, 274, 275, 276, 277, 278, 279, 280, 281, 282, 283, 284, 286, 287, 288, 289, 290, 291, 292, 293, 294, 295, 296, 297, 298, 299, 300, 301, 302, 303, 304, 305, 306, 307, 308, 309, 310, 311, 312, 313, 314, 315, 316, 317, 318, 319, 320, 321, 322, 323, 324, 325, 326, 327, 328, 329, 330, 331, 332, 333, 334, 335, 336, 337, 338, 339, 340, 341, 342, 343, 344, 345, 346, 347, 348, 349, 350, 351, 352, 353, 354, 355, 356, 357, 358, 359, 360, 361, 362, 363, 364, 365, 367, 368, 369, 370, 373, 374, 375, 376, 377, 378, 379, 380, 381, 382, 383, 384, 385, 386, 387, 388, 389, 390, 391, 392, 393, 394, 395, 396, 397, 398, 399, 400, 401, 402, 403, 404, 405, 406, 408, 409, 410, 411, 412, 413, 414, 415, 416, 417, 418, 419, 420, 421, 422, 423, 424, 425, 426, 427, 428, 429, 430, 431, 432, 433, 434, 436, 437, 438, 439, 440, 441, 442, 443, 444, 445, 446, 447, 448, 449, 450, 451, 452, 453, 454, 455, 456, 457, 458, 459, 460, 461, 462, 465, 466, 467, 468, 469, 471, 472, 473, 474, 475, 476, 477, 478, 479, 480, 481, 482, 483, 485, 486, 487, 488, 489, 490, 491, 492, 493, 494, 495, 496, 497, 498, 499, 501, 502, 503, 504, 505, 506, 507, 508, 509, 510, 511, 512, 513, 514, 515, 516, 517, 518, 519, 521, 522, 523, 526, 530, 532, 534, 535, 536, 537, 540, 542, 543, 545, 546, 547, 549, 551, 552, 553, 554, 555, 556, 557, 558, 559, 560, 561, 562, 563, 564, 565, 566, 567, 568, 569, 570, 571, 572, 573, 574, 575, 576, 577, 578, 579, 580, 581, 582, 583, 584, 585, 586, 587, 588, 589, 590, 591, 592, 593, 594, 595, 596, 597, 598, 599, 600, 601, 602, 603, 604, 605, 606, 608, 610, 611, 612, 613, 614, 615, 616, 617, 618, 619, 620, 621, 622, 623, 624, 625, 626, 627, 628, 629, 630, 631, 632, 633, 634, 635, 636, 637, 639, 640, 642, 643, 644, 645, 646, 647, 648, 649, 655, 656, 659, 660, 662, 665, 666, 667, 668, 669, 670, 671, 672, 673, 674, 675, 678, 680, 681, 682, 683, 684, 685, 686, 687, 688, 689, 690, 691, 692, 693, 694, 695, 696, 698, 701, 702, 703, 704, 706, 707, 708, 709, 713, 714, 715, 716, 717, 718, 720, 721, 722, 723, 724, 725, 726, 727, 730, 731, 732, 733, 734, 735, 736, 737, 738, 739, 740, 741, 742, 743, 744, 745, 746, 747, 748, 749, 750, 751, 752, 753, 754, 755, 757, 758, 759, 760, 761, 762, 763, 764, 765, 766, 767, 768, 769, 770, 771, 772, 773, 774, 775, 
testing 8, 10, 11, 12, 16, 20, 23, 29, 30, 43, 44, 45, 47, 48, 54, 58, 59, 60, 65, 70, 71, 74, 75, 81, 82, 83, 84, 85, 97, 110, 159, 162, 207, 216, 217, 226, 227, 228, 229, 230, 231, 232, 233, 234, 235, 236, 237, 238, 239, 240, 241, 242, 243, 244, 245, 246, 247, 248, 249, 250, 251, 252, 253, 254, 256, 261, 278, 280, 284, 290, 291, 296, 297, 298, 299, 301, 306, 308, 314, 332, 333, 334, 336, 338, 340, 354, 355, 356, 357, 371, 373, 376, 402, 403, 404, 405, 410, 421, 426, 427, 428, 439, 447, 457, 477, 478, 479, 540, 543, 546, 547, 548, 550, 554, 571, 573, 576, 577, 597, 598, 599, 603, 622, 629, 630, 658, 673, 674, 696, 701, 702, 703, 704, 710, 711, 713, 716, 719, 720, 724, 726, 732, 739, 742, 743, 744, 757, 758, 765, 766, 767, 770, 772, 773, 774, 
waterfall 15, 45, 46, 47, 48, 49, 50, 51, 54, 60, 68, 73, 352, 570, 771, 774, 
